기종평 해설 '보기' 정합성 감사 리포트
============================================================
판정: 해설 모듈의 보기(①~⑤)가 실제 시험지 보기와 다른 문항 검출
(2022교시만 실제 보기를 옮겨 적음 / 나머지는 지어낸 보기)

[2021 1교시] 불일치 37/59문항  →  [2, 8, 9, 13, 15, 16, 17, 18, 21, 22, 23, 25, 26, 27, 28, 29, 32, 33, 34, 35, 36, 37, 40, 41, 42] ...
[2021 2교시] 불일치 33/34문항  →  [1, 2, 3, 4, 5, 6, 7, 9, 10, 11, 12, 13, 14, 15, 16, 17, 18, 19, 20, 21, 22, 23, 24, 25, 26] ...
[2021 3교시] 불일치 29/33문항  →  [1, 2, 3, 4, 5, 6, 8, 10, 11, 12, 13, 14, 15, 16, 17, 18, 19, 20, 24, 25, 26, 27, 28, 29, 30] ...
[2021 4교시] 불일치 58/60문항  →  [1, 2, 3, 5, 6, 7, 8, 9, 10, 11, 12, 13, 14, 15, 16, 17, 18, 19, 20, 21, 22, 23, 24, 25, 26] ...
[2021 5교시] 불일치 33/35문항  →  [1, 2, 3, 4, 6, 7, 8, 9, 10, 11, 12, 13, 14, 15, 16, 17, 18, 19, 20, 22, 23, 24, 25, 26, 27] ...
[2021 6교시] 불일치 30/35문항  →  [2, 4, 5, 6, 7, 8, 9, 10, 11, 12, 13, 15, 16, 17, 18, 19, 20, 21, 22, 23, 24, 25, 27, 29, 30] ...

[2022 1교시] 불일치 0/60문항  →  []
[2022 2교시] 불일치 3/33문항  →  [18, 30, 35]
[2022 3교시] 불일치 4/32문항  →  [7, 19, 29, 32]
[2022 4교시] 불일치 3/60문항  →  [2, 4, 31]
[2022 5교시] 불일치 1/35문항  →  [17]
[2022 6교시] 불일치 5/35문항  →  [4, 11, 16, 20, 32]

[2023 1교시] 불일치 57/60문항  →  [1, 2, 3, 4, 5, 6, 7, 8, 9, 10, 11, 12, 13, 14, 15, 16, 17, 18, 20, 21, 22, 23, 24, 25, 26] ...
[2023 2교시] 불일치 30/35문항  →  [1, 2, 3, 4, 6, 7, 10, 11, 12, 13, 14, 15, 16, 17, 18, 19, 21, 22, 24, 25, 26, 27, 28, 29, 30] ...
[2023 3교시] 불일치 32/34문항  →  [1, 2, 3, 4, 5, 6, 7, 8, 9, 10, 11, 12, 13, 14, 15, 16, 17, 18, 19, 21, 22, 23, 24, 25, 26] ...
[2023 4교시] 불일치 58/60문항  →  [1, 2, 3, 4, 5, 6, 7, 8, 9, 10, 11, 12, 13, 14, 15, 16, 17, 18, 19, 20, 21, 22, 23, 24, 25] ...
[2023 5교시] 불일치 35/35문항  →  [1, 2, 3, 4, 5, 6, 7, 8, 9, 10, 11, 12, 13, 14, 15, 16, 17, 18, 19, 20, 21, 22, 23, 24, 25] ...
[2023 6교시] 불일치 35/35문항  →  [1, 2, 3, 4, 5, 6, 7, 8, 9, 10, 11, 12, 13, 14, 15, 16, 17, 18, 19, 20, 21, 22, 23, 24, 25] ...

[2024 1교시] 불일치 58/60문항  →  [1, 2, 3, 4, 5, 6, 7, 8, 9, 10, 11, 12, 13, 14, 15, 17, 18, 19, 20, 21, 22, 23, 24, 25, 26] ...
[2024 2교시] 불일치 34/35문항  →  [1, 2, 3, 4, 5, 6, 7, 8, 9, 10, 11, 12, 13, 14, 15, 16, 17, 18, 19, 20, 21, 22, 23, 24, 25] ...
[2024 3교시] 불일치 33/33문항  →  [1, 2, 3, 4, 5, 6, 7, 8, 9, 10, 11, 12, 13, 14, 15, 16, 17, 19, 20, 21, 22, 23, 24, 25, 27] ...
[2024 4교시] 불일치 58/60문항  →  [1, 2, 3, 4, 5, 6, 7, 8, 9, 10, 12, 13, 14, 15, 16, 18, 19, 20, 21, 22, 23, 24, 25, 26, 27] ...
[2024 5교시] 불일치 33/35문항  →  [1, 2, 3, 4, 5, 6, 7, 8, 9, 10, 11, 12, 13, 14, 15, 16, 17, 18, 19, 20, 21, 23, 24, 25, 26] ...
[2024 6교시] 불일치 32/35문항  →  [1, 2, 3, 4, 5, 6, 7, 8, 9, 11, 12, 13, 14, 15, 16, 17, 18, 19, 20, 21, 22, 23, 24, 25, 26] ...

[2025 1교시] 불일치 39/60문항  →  [4, 5, 9, 12, 13, 14, 15, 16, 17, 18, 19, 20, 21, 25, 26, 28, 29, 33, 34, 35, 38, 39, 40, 41, 42] ...
[2025 2교시] 불일치 34/35문항  →  [1, 2, 3, 4, 5, 6, 7, 8, 9, 10, 11, 12, 13, 14, 15, 16, 17, 18, 19, 20, 21, 22, 23, 24, 25] ...
[2025 3교시] 불일치 31/34문항  →  [2, 3, 4, 5, 6, 7, 8, 9, 10, 11, 12, 13, 14, 15, 16, 17, 18, 19, 20, 21, 22, 23, 25, 27, 28] ...
[2025 4교시] 불일치 20/60문항  →  [3, 5, 6, 7, 8, 12, 13, 14, 17, 21, 22, 24, 25, 31, 33, 34, 37, 38, 41, 45]
[2025 5교시] 불일치 3/35문항  →  [19, 21, 34]
[2025 6교시] 불일치 5/35문항  →  [5, 13, 21, 24, 28]
